100
3 1 5 15 13 11
3 0 8 23 22 21
1 0 4 6
3 0 2 11 3 18
1 1 1 9
2 0 6 14 15
2 0 9 27 24
1 0 8 0
2 0 2 21 5
1 0 7 17
2 1 10 16 22
2 0 4 11 18
2 0 10 27 27
2 0 3 6 6
3 0 6 21 23 30
1 0 3 6
1 1 1 9
2 2 4 14 6
2 0 10 27 27
2 1 1 28 0
1 0 8 21
3 1 10 9 29 27
3 0 0 2 28 30
1 1 6 23
1 1 1 27
1 0 10 27
3 3 1 13 28 9
2 0 2 23 29
2 1 6 14 8
3 0 5 10 26 12
1 0 2 3
3 1 9 24 23 25
2 0 4 3 14
3 0 2 23 2 11
3 1 4 9 29 9
2 2 7 17 5
1 0 10 26
2 0 10 10 24
2 0 10 27 26
1 0 2 2
3 1 2 3 3 2
3 0 3 1 6 23
1 0 7 16
1 1 8 12
1 0 1 0
3 0 5 11 12 12
3 0 8 29 17 23
2 1 9 17 29
3 0 0 8 25 16
1 0 4 8
1 0 3 5
1 0 0 30
2 2 3 2 6
3 0 2 23 13 12
3 0 5 11 11 12
2 2 10 21 12
3 0 2 30 2 3
2 0 2 24 14
1 1 0 27
2 0 3 0 25
3 1 5 28 29 28
2 0 8 21 20
3 0 1 3 24 28
2 0 8 21 10
2 0 8 13 4
2 1 6 2 22
3 0 1 13 20 13
1 1 6 14
3 1 9 16 23 5
3 0 10 30 30 30
1 0 8 7
2 0 6 14 15
1 0 2 3
2 2 1 11 10
2 0 5 21 14
3 0 9 24 6 2
2 0 0 27 19
2 0 5 30 2
3 0 3 29 23 29
1 0 0 29
1 1 7 25
3 2 9 24 24 24
1 0 9 24
3 2 7 0 27 14
2 0 0 25 29
1 1 7 16
2 0 7 30 13
2 0 10 10 4
1 0 1 0
2 1 4 17 2
2 2 0 25 14
3 0 4 16 8 24
1 0 8 29
3 0 0 0 0 0
1 0 3 12
1 0 8 17
3 0 3 25 29 16
3 1 9 4 6 11
2 0 5 5 5
2 0 5 11 29
